image_width: 640
image_height: 480
camera_name: right_camera
camera_matrix:
  rows: 3
  cols: 3
  data: [524.635397156505, 0, 298.014850178633, 0, 522.843708339158, 265.730981898695, 0, 0, 1]
distortion_model: plumb_bob
distortion_coefficients:
  rows: 1
  cols: 5
  data: [-0.0817053866199049, 0.150728332081264, 0.000949657336072308, -0.000582558481433544, 0]
rectification_matrix:
  rows: 3
  cols: 3
  data: [0.999286202747706, -0.0144644435366009, 0.0348979207295574, 0.0140282557595608, 0.999820795356149, 0.0127116172748832, -0.0350755333304333, -0.0122129867999291, 0.999310036932988]
projection_matrix:
  rows: 3
  cols: 4
  data: [554.944125424547, 0, 272.790014266968, 41.7608949673925, 0, 554.944125424547, 252.973796844482, 0, 0, 0, 1, 0]